
Введите n 
6
Матрица 
  1  1  1  1  1  1
  0  1  1  1  1  0
  0  0  1  1  0  0
  0  0  1  1  0  0
  0  1  1  1  1  0
  1  1  1  1  1  1

Введите n 
7
Матрица 
  1  1  1  1  1  1  1
  0  1  1  1  1  1  0
  0  0  1  1  1  0  0
  0  0  0  1  0  0  0
  0  0  1  1  1  0  0
  0  1  1  1  1  1  0
  1  1  1  1  1  1  1

Введите n 
10
Матрица 
  1  1  1  1  1  1  1  1  1  1
  0  1  1  1  1  1  1  1  1  0
  0  0  1  1  1  1  1  1  0  0
  0  0  0  1  1  1  1  0  0  0
  0  0  0  0  1  1  0  0  0  0
  0  0  0  0  1  1  0  0  0  0
  0  0  0  1  1  1  1  0  0  0
  0  0  1  1  1  1  1  1  0  0
  0  1  1  1  1  1  1  1  1  0
  1  1  1  1  1  1  1  1  1  1

Введите n 
7
Матрица 
  1  1  1  1  1  1  1
  0  1  1  1  1  1  0
  0  0  1  1  1  0  0
  0  0  0  1  0  0  0
  0  0  1  1  1  0  0
  0  1  1  1  1  1  0
  1  1  1  1  1  1  1

Введите n 
6
Матрица 
  1  1  1  1  1  1
  0  1  1  1  1  0
  0  0  1  1  0  0
  0  0  1  1  0  0
  0  1  1  1  1  0
  1  1  1  1  1  1

Введите n 
5
Матрица 
  1  1  1  1  1
  0  1  1  1  0
  0  0  1  0  0
  0  1  1  1  0
  1  1  1  1  1

Введите n 
6
Матрица 
  1  1  1  1  1  1
  0  1  1  1  1  0
  0  0  1  1  0  0
  0  0  1  1  0  0
  0  1  1  1  1  0
  1  1  1  1  1  1

Введите n 
7
Матрица 
  1  1  1  1  1  1  1
  0  1  1  1  1  1  0
  0  0  1  1  1  0  0
  0  0  0  1  0  0  0
  0  0  1  1  1  0  0
  0  1  1  1  1  1  0
  1  1  1  1  1  1  1

Введите n 
4
Матрица 
  1  1  1  1
  0  1  1  0
  0  1  1  0
  1  1  1  1

