

массив
   6.85   4.19   6.02   7.69   4.03   8.74   9.94   9.46   3.66   0.42   2.26   1.17   9.47   4.81   3.97   9.34   9.64   4.55   7.20   9.52   0.54   3.22   1.87   9.31   8.79   4.33   2.17   5.75   8.23   7.23   9.30   8.59   1.04   3.50   1.36   7.86
Матрица сверху вниз, справа налево

массив
   4.85   5.98   5.20   8.75   8.08   4.81   2.40   3.96   7.41   9.01   5.72   9.12   2.24   4.35   0.47   1.70   3.75   0.10   2.01   6.86   5.54   8.88   2.44   7.76   7.48
Матрица сверху вниз, справа налево

массив
   4.90   4.22   5.72   5.77   1.66   7.80   3.71   6.59   8.22   9.82   5.68   9.48   0.32   8.73   2.34   0.37   6.62   9.58   6.50   9.56   5.03   8.36   2.77   4.63   5.58
Матрица сверху вниз, справа налево

