
массив

Матрица сверху вниз, справа налево
 5.10 7.35 8.19 3.08 7.42
 0.00 0.00 0.00 0.00 0.00
 0.00 0.00 0.00 0.00 0.00
 0.00 0.00 0.00 0.00 0.00
 0.00 0.00 0.00 0.00 0.00


массив
   9.13   5.63   5.72   7.00   3.55   9.12   4.57   9.95   9.87   9.36   2.86   5.91   8.76   1.32   1.16   4.49   9.14   1.82   2.03   7.82   6.13   5.99   6.42   4.60   0.47
Матрица сверху вниз, справа налево
 9.13 5.63 5.72 7.00 3.55
 9.36 9.87 9.95 4.57 9.12
 2.86 5.91 8.76 1.32 1.16
 7.82 2.03 1.82 9.14 4.49
 6.13 5.99 6.42 4.60 0.47
-----------------------------------------


массив
   0.13   7.38   5.64   8.67   3.10   7.39   1.25   3.37   4.67   0.08   0.75   0.19   1.03   1.33   5.56   3.99   2.59   1.71   8.84   9.08   1.28   9.97   7.00   8.82   7.70   5.49   6.63   1.98   2.25   0.97   2.21   3.20   7.05   8.86   2.63   7.53   7.84   7.66   6.98   1.27   7.52   6.62   2.61   3.97   5.66   0.03   0.83   8.99   0.58   4.62   8.33   2.42   3.33   6.21   4.73   2.69   5.16   4.13   9.26   5.76   2.90   4.66   1.95   3.24   8.65   6.83   7.49   3.16   3.43   6.98   1.99   5.94   6.01   0.40   5.79   0.19   1.65   1.31   7.71   5.88   7.02
Матрица сверху вниз, справа налево
 0.13 7.38 5.64 8.67 3.10 7.39 1.25 3.37 4.67
 1.71 2.59 3.99 5.56 1.33 1.03 0.19 0.75 0.08
 8.84 9.08 1.28 9.97 7.00 8.82 7.70 5.49 6.63
 7.53 2.63 8.86 7.05 3.20 2.21 0.97 2.25 1.98
 7.84 7.66 6.98 1.27 7.52 6.62 2.61 3.97 5.66
 6.21 3.33 2.42 8.33 4.62 0.58 8.99 0.83 0.03
 4.73 2.69 5.16 4.13 9.26 5.76 2.90 4.66 1.95
 5.94 1.99 6.98 3.43 3.16 7.49 6.83 8.65 3.24
 6.01 0.40 5.79 0.19 1.65 1.31 7.71 5.88 7.02
массив
   3.08   1.09   8.12   3.74   5.03   3.64   0.76   6.08   0.61   1.77   7.40   3.35   8.20   0.23   3.50   9.14   4.43   2.91   9.53   8.21   3.24   7.32   0.22   7.49   2.57   7.84   7.54   5.02   1.30   9.32   5.80   9.98   1.00   5.41   0.07   9.11
Матрица сверху вниз, справа налево
 3.08 1.09 8.12 3.74 5.03 3.64
 3.35 7.40 1.77 0.61 6.08 0.76
 8.20 0.23 3.50 9.14 4.43 2.91
 7.49 0.22 7.32 3.24 8.21 9.53
 2.57 7.84 7.54 5.02 1.30 9.32
 9.11 0.07 5.41 1.00 9.98 5.80
