
Введите размер матрицы n 
5
Полученная матрица 
  5  0  0  0  0
  0  4  0  0  0
  0  0  3  0  0
  0  0  0  2  0
  0  0  0  0  1

Введите размер матрицы n 
8
Полученная матрица 
  8  0  0  0  0  0  0  0
  0  7  0  0  0  0  0  0
  0  0  6  0  0  0  0  0
  0  0  0  5  0  0  0  0
  0  0  0  0  4  0  0  0
  0  0  0  0  0  3  0  0
  0  0  0  0  0  0  2  0
  0  0  0  0  0  0  0  1

Введите размер матрицы n 
6
Полученная матрица 
  6  0  0  0  0  0
  0  5  0  0  0  0
  0  0  4  0  0  0
  0  0  0  3  0  0
  0  0  0  0  2  0
  0  0  0  0  0  1

Введите размер матрицы n 
6
Полученная матрица 
  6  0  0  0  0  0
  0  5  0  0  0  0
  0  0  4  0  0  0
  0  0  0  3  0  0
  0  0  0  0  2  0
  0  0  0  0  0  1

Введите размер матрицы n 
5
Полученная матрица 
  5  0  0  0  0
  0  4  0  0  0
  0  0  3  0  0
  0  0  0  2  0
  0  0  0  0  1

Введите размер матрицы n 
3
Полученная матрица 
  3  0  0
  0  2  0
  0  0  1

Введите размер матрицы n 
5
Полученная матрица 
  5  0  0  0  0
  0  4  0  0  0
  0  0  3  0  0
  0  0  0  2  0
  0  0  0  0  1

